73,139,0
73,139,0
73,-21,0
73,-21,0
74,139,0
72,139,0
72,-21,0
74,-21,0
75,139,0
71,139,0
71,-21,0
75,-21,0
76,139,0
70,139,0
70,-21,0
76,-21,0
77,139,0
69,139,0
69,-21,0
77,-21,0
78,139,0
68,139,0
68,-21,0
78,-21,0
79,139,0
67,139,0
67,-21,0
79,-21,0
80,139,0
66,139,0
66,-21,0
80,-21,0
81,139,0
65,139,0
65,-21,0
81,-21,0
82,139,0
64,139,0
64,-21,0
82,-21,0
83,139,0
63,139,0
63,-21,0
83,-21,0
84,139,0
62,139,0
62,-21,0
84,-21,0
85,138,0
61,138,0
61,-20,0
85,-20,0
86,138,0
60,138,0
60,-20,0
86,-20,0
87,138,0
59,138,0
59,-20,0
87,-20,0
88,138,0
58,138,0
58,-20,0
88,-20,0
89,138,0
57,138,0
57,-20,0
89,-20,0
90,138,0
56,138,0
56,-20,0
90,-20,0
91,138,0
55,138,0
55,-20,0
91,-20,0
92,138,0
54,138,0
54,-20,0
92,-20,0
93,137,0
53,137,0
53,-19,0
93,-19,0
94,137,0
52,137,0
52,-19,0
94,-19,0
95,137,0
51,137,0
51,-19,0
95,-19,0
96,137,0
50,137,0
50,-19,0
96,-19,0
97,137,0
49,137,0
49,-19,0
97,-19,0
98,136,0
48,136,0
48,-18,0
98,-18,0
99,136,0
47,136,0
47,-18,0
99,-18,0
100,136,0
46,136,0
46,-18,0
100,-18,0
101,136,0
45,136,0
45,-18,0
101,-18,0
102,136,0
44,136,0
44,-18,0
102,-18,0
103,135,0
43,135,0
43,-17,0
103,-17,0
104,135,0
42,135,0
42,-17,0
104,-17,0
105,135,0
41,135,0
41,-17,0
105,-17,0
106,135,0
40,135,0
40,-17,0
106,-17,0
107,134,0
39,134,0
39,-16,0
107,-16,0
108,134,0
38,134,0
38,-16,0
108,-16,0
109,134,0
37,134,0
37,-16,0
109,-16,0
110,133,0
36,133,0
36,-15,0
110,-15,0
111,133,0
35,133,0
35,-15,0
111,-15,0
112,133,0
34,133,0
34,-15,0
112,-15,0
113,132,0
33,132,0
33,-14,0
113,-14,0
114,132,0
32,132,0
32,-14,0
114,-14,0
115,132,0
31,132,0
31,-14,0
115,-14,0
116,131,0
30,131,0
30,-13,0
116,-13,0
117,131,0
29,131,0
29,-13,0
117,-13,0
118,130,0
28,130,0
28,-12,0
118,-12,0
119,130,0
27,130,0
27,-12,0
119,-12,0
120,130,0
26,130,0
26,-12,0
120,-12,0
121,129,0
25,129,0
25,-11,0
121,-11,0
122,129,0
24,129,0
24,-11,0
122,-11,0
123,128,0
23,128,0
23,-10,0
123,-10,0
124,128,0
22,128,0
22,-10,0
124,-10,0
125,127,0
21,127,0
21,-9,0
125,-9,0
126,127,0
20,127,0
20,-9,0
126,-9,0
127,126,0
19,126,0
19,-8,0
127,-8,0
128,126,0
18,126,0
18,-8,0
128,-8,0
129,125,0
17,125,0
17,-7,0
129,-7,0
130,125,0
16,125,0
16,-7,0
130,-7,0
131,124,0
15,124,0
15,-6,0
131,-6,0
132,124,0
14,124,0
14,-6,0
132,-6,0
133,123,0
13,123,0
13,-5,0
133,-5,0
134,122,0
12,122,0
12,-4,0
134,-4,0
135,122,0
11,122,0
11,-4,0
135,-4,0
136,121,0
10,121,0
10,-3,0
136,-3,0
137,120,0
9,120,0
9,-2,0
137,-2,0
138,120,0
8,120,0
8,-2,0
138,-2,0
139,119,0
7,119,0
7,-1,0
139,-1,0
140,118,0
6,118,0
6,0,0
140,0,0
141,118,0
5,118,0
5,0,0
141,0,0
142,117,0
4,117,0
4,1,0
142,1,0
143,116,0
3,116,0
3,2,0
143,2,0
144,115,0
2,115,0
2,3,0
144,3,0
145,115,0
1,115,0
1,3,0
145,3,0
146,114,0
0,114,0
0,4,0
146,4,0
147,113,0
-1,113,0
-1,5,0
147,5,0
148,112,0
-2,112,0
-2,6,0
148,6,0
149,111,0
-3,111,0
-3,7,0
149,7,0
150,110,0
-4,110,0
-4,8,0
150,8,0
151,109,0
-5,109,0
-5,9,0
151,9,0
152,108,0
-6,108,0
-6,10,0
152,10,0
153,107,0
-7,107,0
-7,11,0
153,11,0
154,106,0
-8,106,0
-8,12,0
154,12,0
155,105,0
-9,105,0
-9,13,0
155,13,0
156,104,0
-10,104,0
-10,14,0
156,14,0
157,103,0
-11,103,0
-11,15,0
157,15,0
157,102,0
-11,102,0
-11,16,0
157,16,0
158,101,0
-12,101,0
-12,17,0
158,17,0
159,100,0
-13,100,0
-13,18,0
159,18,0
160,99,0
-14,99,0
-14,19,0
160,19,0
160,98,0
-14,98,0
-14,20,0
160,20,0
161,97,0
-15,97,0
-15,21,0
161,21,0
162,96,0
-16,96,0
-16,22,0
162,22,0
162,95,0
-16,95,0
-16,23,0
162,23,0
163,94,0
-17,94,0
-17,24,0
163,24,0
164,93,0
-18,93,0
-18,25,0
164,25,0
164,92,0
-18,92,0
-18,26,0
164,26,0
165,91,0
-19,91,0
-19,27,0
165,27,0
165,90,0
-19,90,0
-19,28,0
165,28,0
166,89,0
-20,89,0
-20,29,0
166,29,0
166,88,0
-20,88,0
-20,30,0
166,30,0
167,87,0
-21,87,0
-21,31,0
167,31,0
167,86,0
-21,86,0
-21,32,0
167,32,0
168,85,0
-22,85,0
-22,33,0
168,33,0
168,84,0
-22,84,0
-22,34,0
168,34,0
168,83,0
-22,83,0
-22,35,0
168,35,0
169,82,0
-23,82,0
-23,36,0
169,36,0
169,81,0
-23,81,0
-23,37,0
169,37,0
169,80,0
-23,80,0
-23,38,0
169,38,0
170,79,0
-24,79,0
-24,39,0
170,39,0
170,78,0
-24,78,0
-24,40,0
170,40,0
170,77,0
-24,77,0
-24,41,0
170,41,0
171,76,0
-25,76,0
-25,42,0
171,42,0
171,75,0
-25,75,0
-25,43,0
171,43,0
171,74,0
-25,74,0
-25,44,0
171,44,0
171,73,0
-25,73,0
-25,45,0
171,45,0
172,72,0
-26,72,0
-26,46,0
172,46,0
172,71,0
-26,71,0
-26,47,0
172,47,0
172,70,0
-26,70,0
-26,48,0
172,48,0
172,69,0
-26,69,0
-26,49,0
172,49,0
172,68,0
-26,68,0
-26,50,0
172,50,0
172,67,0
-26,67,0
-26,51,0
172,51,0
173,66,0
-27,66,0
-27,52,0
173,52,0
173,65,0
-27,65,0
-27,53,0
173,53,0
173,64,0
-27,64,0
-27,54,0
173,54,0
173,63,0
-27,63,0
-27,55,0
173,55,0
173,62,0
-27,62,0
-27,56,0
173,56,0
173,61,0
-27,61,0
-27,57,0
173,57,0
173,60,0
-27,60,0
-27,58,0
173,58,0
173,59,0
-27,59,0
-27,59,0
173,59,0
275,235,0
275,235,0
275,75,0
275,75,0
276,235,0
274,235,0
274,75,0
276,75,0
277,235,0
273,235,0
273,75,0
277,75,0
278,235,0
272,235,0
272,75,0
278,75,0
279,235,0
271,235,0
271,75,0
279,75,0
280,235,0
270,235,0
270,75,0
280,75,0
281,235,0
269,235,0
269,75,0
281,75,0
282,235,0
268,235,0
268,75,0
282,75,0
283,235,0
267,235,0
267,75,0
283,75,0
284,235,0
266,235,0
266,75,0
284,75,0
285,235,0
265,235,0
265,75,0
285,75,0
286,235,0
264,235,0
264,75,0
286,75,0
287,234,0
263,234,0
263,76,0
287,76,0
288,234,0
262,234,0
262,76,0
288,76,0
289,234,0
261,234,0
261,76,0
289,76,0
290,234,0
260,234,0
260,76,0
290,76,0
291,234,0
259,234,0
259,76,0
291,76,0
292,234,0
258,234,0
258,76,0
292,76,0
293,234,0
257,234,0
257,76,0
293,76,0
294,234,0
256,234,0
256,76,0
294,76,0
295,233,0
255,233,0
255,77,0
295,77,0
296,233,0
254,233,0
254,77,0
296,77,0
297,233,0
253,233,0
253,77,0
297,77,0
298,233,0
252,233,0
252,77,0
298,77,0
299,233,0
251,233,0
251,77,0
299,77,0
300,232,0
250,232,0
250,78,0
300,78,0
301,232,0
249,232,0
249,78,0
301,78,0
302,232,0
248,232,0
248,78,0
302,78,0
303,232,0
247,232,0
247,78,0
303,78,0
304,232,0
246,232,0
246,78,0
304,78,0
305,231,0
245,231,0
245,79,0
305,79,0
306,231,0
244,231,0
244,79,0
306,79,0
307,231,0
243,231,0
243,79,0
307,79,0
308,231,0
242,231,0
242,79,0
308,79,0
309,230,0
241,230,0
241,80,0
309,80,0
310,230,0
240,230,0
240,80,0
310,80,0
311,230,0
239,230,0
239,80,0
311,80,0
312,229,0
238,229,0
238,81,0
312,81,0
313,229,0
237,229,0
237,81,0
313,81,0
314,229,0
236,229,0
236,81,0
314,81,0
315,228,0
235,228,0
235,82,0
315,82,0
316,228,0
234,228,0
234,82,0
316,82,0
317,228,0
233,228,0
233,82,0
317,82,0
318,227,0
232,227,0
232,83,0
318,83,0
319,227,0
231,227,0
231,83,0
319,83,0
320,226,0
230,226,0
230,84,0
320,84,0
321,226,0
229,226,0
229,84,0
321,84,0
322,226,0
228,226,0
228,84,0
322,84,0
323,225,0
227,225,0
227,85,0
323,85,0
324,225,0
226,225,0
226,85,0
324,85,0
325,224,0
225,224,0
225,86,0
325,86,0
326,224,0
224,224,0
224,86,0
326,86,0
327,223,0
223,223,0
223,87,0
327,87,0
328,223,0
222,223,0
222,87,0
328,87,0
329,222,0
221,222,0
221,88,0
329,88,0
330,222,0
220,222,0
220,88,0
330,88,0
331,221,0
219,221,0
219,89,0
331,89,0
332,221,0
218,221,0
218,89,0
332,89,0
333,220,0
217,220,0
217,90,0
333,90,0
334,220,0
216,220,0
216,90,0
334,90,0
335,219,0
215,219,0
215,91,0
335,91,0
336,218,0
214,218,0
214,92,0
336,92,0
337,218,0
213,218,0
213,92,0
337,92,0
338,217,0
212,217,0
212,93,0
338,93,0
339,216,0
211,216,0
211,94,0
339,94,0
340,216,0
210,216,0
210,94,0
340,94,0
341,215,0
209,215,0
209,95,0
341,95,0
342,214,0
208,214,0
208,96,0
342,96,0
343,214,0
207,214,0
207,96,0
343,96,0
344,213,0
206,213,0
206,97,0
344,97,0
345,212,0
205,212,0
205,98,0
345,98,0
346,211,0
204,211,0
204,99,0
346,99,0
347,211,0
203,211,0
203,99,0
347,99,0
348,210,0
202,210,0
202,100,0
348,100,0
349,209,0
201,209,0
201,101,0
349,101,0
350,208,0
200,208,0
200,102,0
350,102,0
351,207,0
199,207,0
199,103,0
351,103,0
352,206,0
198,206,0
198,104,0
352,104,0
353,205,0
197,205,0
197,105,0
353,105,0
354,204,0
196,204,0
196,106,0
354,106,0
355,203,0
195,203,0
195,107,0
355,107,0
356,202,0
194,202,0
194,108,0
356,108,0
357,201,0
193,201,0
193,109,0
357,109,0
358,200,0
192,200,0
192,110,0
358,110,0
359,199,0
191,199,0
191,111,0
359,111,0
359,198,0
191,198,0
191,112,0
359,112,0
360,197,0
190,197,0
190,113,0
360,113,0
361,196,0
189,196,0
189,114,0
361,114,0
362,195,0
188,195,0
188,115,0
362,115,0
362,194,0
188,194,0
188,116,0
362,116,0
363,193,0
187,193,0
187,117,0
363,117,0
364,192,0
186,192,0
186,118,0
364,118,0
364,191,0
186,191,0
186,119,0
364,119,0
365,190,0
185,190,0
185,120,0
365,120,0
366,189,0
184,189,0
184,121,0
366,121,0
366,188,0
184,188,0
184,122,0
366,122,0
367,187,0
183,187,0
183,123,0
367,123,0
367,186,0
183,186,0
183,124,0
367,124,0
368,185,0
182,185,0
182,125,0
368,125,0
368,184,0
182,184,0
182,126,0
368,126,0
369,183,0
181,183,0
181,127,0
369,127,0
369,182,0
181,182,0
181,128,0
369,128,0
370,181,0
180,181,0
180,129,0
370,129,0
370,180,0
180,180,0
180,130,0
370,130,0
370,179,0
180,179,0
180,131,0
370,131,0
371,178,0
179,178,0
179,132,0
371,132,0
371,177,0
179,177,0
179,133,0
371,133,0
371,176,0
179,176,0
179,134,0
371,134,0
372,175,0
178,175,0
178,135,0
372,135,0
372,174,0
178,174,0
178,136,0
372,136,0
372,173,0
178,173,0
178,137,0
372,137,0
373,172,0
177,172,0
177,138,0
373,138,0
373,171,0
177,171,0
177,139,0
373,139,0
373,170,0
177,170,0
177,140,0
373,140,0
373,169,0
177,169,0
177,141,0
373,141,0
374,168,0
176,168,0
176,142,0
374,142,0
374,167,0
176,167,0
176,143,0
374,143,0
374,166,0
176,166,0
176,144,0
374,144,0
374,165,0
176,165,0
176,145,0
374,145,0
374,164,0
176,164,0
176,146,0
374,146,0
374,163,0
176,163,0
176,147,0
374,147,0
375,162,0
175,162,0
175,148,0
375,148,0
375,161,0
175,161,0
175,149,0
375,149,0
375,160,0
175,160,0
175,150,0
375,150,0
375,159,0
175,159,0
175,151,0
375,151,0
375,158,0
175,158,0
175,152,0
375,152,0
375,157,0
175,157,0
175,153,0
375,153,0
375,156,0
175,156,0
175,154,0
375,154,0
375,155,0
175,155,0
175,155,0
375,155,0
368,156,0
368,156,0
368,-4,0
368,-4,0
369,156,0
367,156,0
367,-4,0
369,-4,0
370,156,0
366,156,0
366,-4,0
370,-4,0
371,156,0
365,156,0
365,-4,0
371,-4,0
372,156,0
364,156,0
364,-4,0
372,-4,0
373,156,0
363,156,0
363,-4,0
373,-4,0
374,156,0
362,156,0
362,-4,0
374,-4,0
375,156,0
361,156,0
361,-4,0
375,-4,0
376,156,0
360,156,0
360,-4,0
376,-4,0
377,156,0
359,156,0
359,-4,0
377,-4,0
378,156,0
358,156,0
358,-4,0
378,-4,0
379,156,0
357,156,0
357,-4,0
379,-4,0
380,155,0
356,155,0
356,-3,0
380,-3,0
381,155,0
355,155,0
355,-3,0
381,-3,0
382,155,0
354,155,0
354,-3,0
382,-3,0
383,155,0
353,155,0
353,-3,0
383,-3,0
384,155,0
352,155,0
352,-3,0
384,-3,0
385,155,0
351,155,0
351,-3,0
385,-3,0
386,155,0
350,155,0
350,-3,0
386,-3,0
387,155,0
349,155,0
349,-3,0
387,-3,0
388,154,0
348,154,0
348,-2,0
388,-2,0
389,154,0
347,154,0
347,-2,0
389,-2,0
390,154,0
346,154,0
346,-2,0
390,-2,0
391,154,0
345,154,0
345,-2,0
391,-2,0
392,154,0
344,154,0
344,-2,0
392,-2,0
393,153,0
343,153,0
343,-1,0
393,-1,0
394,153,0
342,153,0
342,-1,0
394,-1,0
395,153,0
341,153,0
341,-1,0
395,-1,0
396,153,0
340,153,0
340,-1,0
396,-1,0
397,153,0
339,153,0
339,-1,0
397,-1,0
398,152,0
338,152,0
338,0,0
398,0,0
399,152,0
337,152,0
337,0,0
399,0,0
400,152,0
336,152,0
336,0,0
400,0,0
401,152,0
335,152,0
335,0,0
401,0,0
402,151,0
334,151,0
334,1,0
402,1,0
403,151,0
333,151,0
333,1,0
403,1,0
404,151,0
332,151,0
332,1,0
404,1,0
405,150,0
331,150,0
331,2,0
405,2,0
406,150,0
330,150,0
330,2,0
406,2,0
407,150,0
329,150,0
329,2,0
407,2,0
408,149,0
328,149,0
328,3,0
408,3,0
409,149,0
327,149,0
327,3,0
409,3,0
410,149,0
326,149,0
326,3,0
410,3,0
411,148,0
325,148,0
325,4,0
411,4,0
412,148,0
324,148,0
324,4,0
412,4,0
413,147,0
323,147,0
323,5,0
413,5,0
414,147,0
322,147,0
322,5,0
414,5,0
415,147,0
321,147,0
321,5,0
415,5,0
416,146,0
320,146,0
320,6,0
416,6,0
417,146,0
319,146,0
319,6,0
417,6,0
418,145,0
318,145,0
318,7,0
418,7,0
419,145,0
317,145,0
317,7,0
419,7,0
420,144,0
316,144,0
316,8,0
420,8,0
421,144,0
315,144,0
315,8,0
421,8,0
422,143,0
314,143,0
314,9,0
422,9,0
423,143,0
313,143,0
313,9,0
423,9,0
424,142,0
312,142,0
312,10,0
424,10,0
425,142,0
311,142,0
311,10,0
425,10,0
426,141,0
310,141,0
310,11,0
426,11,0
427,141,0
309,141,0
309,11,0
427,11,0
428,140,0
308,140,0
308,12,0
428,12,0
429,139,0
307,139,0
307,13,0
429,13,0
430,139,0
306,139,0
306,13,0
430,13,0
431,138,0
305,138,0
305,14,0
431,14,0
432,137,0
304,137,0
304,15,0
432,15,0
433,137,0
303,137,0
303,15,0
433,15,0
434,136,0
302,136,0
302,16,0
434,16,0
435,135,0
301,135,0
301,17,0
435,17,0
436,135,0
300,135,0
300,17,0
436,17,0
437,134,0
299,134,0
299,18,0
437,18,0
438,133,0
298,133,0
298,19,0
438,19,0
439,132,0
297,132,0
297,20,0
439,20,0
440,132,0
296,132,0
296,20,0
440,20,0
441,131,0
295,131,0
295,21,0
441,21,0
442,130,0
294,130,0
294,22,0
442,22,0
443,129,0
293,129,0
293,23,0
443,23,0
444,128,0
292,128,0
292,24,0
444,24,0
445,127,0
291,127,0
291,25,0
445,25,0
446,126,0
290,126,0
290,26,0
446,26,0
447,125,0
289,125,0
289,27,0
447,27,0
448,124,0
288,124,0
288,28,0
448,28,0
449,123,0
287,123,0
287,29,0
449,29,0
450,122,0
286,122,0
286,30,0
450,30,0
451,121,0
285,121,0
285,31,0
451,31,0
452,120,0
284,120,0
284,32,0
452,32,0
452,119,0
284,119,0
284,33,0
452,33,0
453,118,0
283,118,0
283,34,0
453,34,0
454,117,0
282,117,0
282,35,0
454,35,0
455,116,0
281,116,0
281,36,0
455,36,0
455,115,0
281,115,0
281,37,0
455,37,0
456,114,0
280,114,0
280,38,0
456,38,0
457,113,0
279,113,0
279,39,0
457,39,0
457,112,0
279,112,0
279,40,0
457,40,0
458,111,0
278,111,0
278,41,0
458,41,0
459,110,0
277,110,0
277,42,0
459,42,0
459,109,0
277,109,0
277,43,0
459,43,0
460,108,0
276,108,0
276,44,0
460,44,0
460,107,0
276,107,0
276,45,0
460,45,0
461,106,0
275,106,0
275,46,0
461,46,0
461,105,0
275,105,0
275,47,0
461,47,0
462,104,0
274,104,0
274,48,0
462,48,0
462,103,0
274,103,0
274,49,0
462,49,0
463,102,0
273,102,0
273,50,0
463,50,0
463,101,0
273,101,0
273,51,0
463,51,0
463,100,0
273,100,0
273,52,0
463,52,0
464,99,0
272,99,0
272,53,0
464,53,0
464,98,0
272,98,0
272,54,0
464,54,0
464,97,0
272,97,0
272,55,0
464,55,0
465,96,0
271,96,0
271,56,0
465,56,0
465,95,0
271,95,0
271,57,0
465,57,0
465,94,0
271,94,0
271,58,0
465,58,0
466,93,0
270,93,0
270,59,0
466,59,0
466,92,0
270,92,0
270,60,0
466,60,0
466,91,0
270,91,0
270,61,0
466,61,0
466,90,0
270,90,0
270,62,0
466,62,0
467,89,0
269,89,0
269,63,0
467,63,0
467,88,0
269,88,0
269,64,0
467,64,0
467,87,0
269,87,0
269,65,0
467,65,0
467,86,0
269,86,0
269,66,0
467,66,0
467,85,0
269,85,0
269,67,0
467,67,0
467,84,0
269,84,0
269,68,0
467,68,0
468,83,0
268,83,0
268,69,0
468,69,0
468,82,0
268,82,0
268,70,0
468,70,0
468,81,0
268,81,0
268,71,0
468,71,0
468,80,0
268,80,0
268,72,0
468,72,0
468,79,0
268,79,0
268,73,0
468,73,0
468,78,0
268,78,0
268,74,0
468,74,0
468,77,0
268,77,0
268,75,0
468,75,0
468,76,0
268,76,0
268,76,0
468,76,0
109,69,0
110,69,0
111,70,0
112,70,0
113,70,0
114,71,0
115,71,0
116,71,0
117,72,0
118,72,0
119,72,0
120,73,0
121,73,0
122,73,0
123,74,0
124,74,0
125,74,0
126,75,0
127,75,0
128,75,0
129,76,0
130,76,0
131,76,0
132,77,0
133,77,0
134,77,0
135,78,0
136,78,0
137,78,0
138,78,0
139,79,0
140,79,0
141,79,0
142,80,0
143,80,0
144,80,0
145,81,0
146,81,0
147,81,0
148,82,0
149,82,0
150,82,0
151,83,0
152,83,0
153,83,0
154,84,0
155,84,0
156,84,0
157,85,0
158,85,0
159,85,0
160,86,0
161,86,0
162,86,0
163,87,0
164,87,0
165,87,0
166,88,0
167,88,0
168,88,0
169,89,0
170,89,0
171,89,0
172,90,0
173,90,0
174,90,0
175,91,0
176,91,0
177,91,0
178,92,0
179,92,0
180,92,0
181,93,0
182,93,0
183,93,0
184,94,0
185,94,0
186,94,0
187,95,0
188,95,0
189,95,0
190,95,0
191,96,0
192,96,0
193,96,0
194,97,0
195,97,0
196,97,0
197,98,0
198,98,0
199,98,0
200,99,0
201,99,0
202,99,0
203,100,0
204,100,0
205,100,0
206,101,0
207,101,0
208,101,0
209,102,0
210,102,0
211,102,0
212,103,0
213,103,0
214,103,0
215,104,0
216,104,0
217,104,0
218,105,0
219,105,0
220,105,0
221,106,0
222,106,0
223,106,0
224,107,0
225,107,0
226,107,0
227,108,0
228,108,0
229,108,0
230,109,0
231,109,0
232,109,0
233,110,0
234,110,0
235,110,0
236,111,0
237,111,0
238,111,0
239,112,0
240,112,0
241,112,0
242,112,0
243,113,0
244,113,0
245,113,0
246,114,0
247,114,0
248,114,0
249,115,0
250,115,0
251,115,0
252,116,0
253,116,0
254,116,0
255,117,0
256,117,0
257,117,0
258,118,0
259,118,0
260,118,0
261,119,0
262,119,0
263,119,0
264,120,0
265,120,0
266,120,0
267,121,0
268,121,0
269,121,0
270,122,0
271,122,0
272,122,0
273,123,0
274,123,0
275,123,0
276,124,0
277,124,0
278,124,0
279,125,0
280,125,0
281,125,0
282,126,0
283,126,0
284,126,0
285,127,0
286,127,0
287,127,0
288,128,0
289,128,0
290,128,0
291,129,0
292,129,0
293,129,0
294,129,0
295,130,0
296,130,0
297,130,0
298,131,0
299,131,0
300,131,0
301,132,0
302,132,0
303,132,0
304,133,0
305,133,0
306,133,0
307,134,0
308,134,0
309,134,0
310,135,0
311,135,0
312,135,0
313,136,0
314,136,0
315,136,0
316,137,0
317,137,0
318,137,0
319,138,0
320,138,0
81,174,0
82,174,0
83,175,0
84,175,0
85,176,0
86,176,0
87,177,0
88,177,0
89,178,0
90,178,0
91,178,0
92,179,0
93,179,0
94,180,0
95,180,0
96,181,0
97,181,0
98,181,0
99,182,0
100,182,0
101,183,0
102,183,0
103,184,0
104,184,0
105,185,0
106,185,0
107,185,0
108,186,0
109,186,0
110,187,0
111,187,0
112,188,0
113,188,0
114,189,0
115,189,0
116,189,0
117,190,0
118,190,0
119,191,0
120,191,0
121,192,0
122,192,0
123,192,0
124,193,0
125,193,0
126,194,0
127,194,0
128,195,0
129,195,0
130,196,0
131,196,0
132,196,0
133,197,0
134,197,0
135,198,0
136,198,0
137,199,0
138,199,0
139,200,0
140,200,0
141,200,0
142,201,0
143,201,0
144,202,0
145,202,0
146,203,0
147,203,0
148,203,0
149,204,0
150,204,0
151,205,0
152,205,0
153,206,0
154,206,0
155,207,0
156,207,0
157,207,0
158,208,0
159,208,0
160,209,0
161,209,0
162,210,0
163,210,0
164,211,0
165,211,0
166,211,0
167,212,0
168,212,0
169,213,0
170,213,0
171,214,0
172,214,0
173,215,0
174,215,0
175,215,0
176,216,0
177,216,0
178,217,0
179,217,0
180,218,0
181,218,0
182,218,0
183,219,0
184,219,0
185,220,0
186,220,0
187,221,0
188,221,0
189,222,0
190,222,0
191,222,0
192,223,0
193,223,0
194,224,0
195,224,0
196,225,0
197,225,0
198,226,0
199,226,0
200,226,0
201,227,0
202,227,0
203,228,0
204,228,0
205,229,0
206,229,0
207,229,0
208,230,0
209,230,0
210,231,0
211,231,0
212,232,0
213,232,0
214,233,0
215,233,0
216,233,0
217,234,0
218,234,0
219,235,0
220,235,0
221,236,0
222,236,0
223,237,0
224,237,0
225,237,0
226,238,0
227,238,0
228,239,0
229,239,0
230,240,0
231,240,0
232,240,0
233,241,0
234,241,0
235,242,0
236,242,0
237,243,0
238,243,0
239,244,0
240,244,0
241,244,0
242,245,0
243,245,0
244,246,0
245,246,0
246,247,0
247,247,0
248,248,0
249,248,0
250,248,0
251,249,0
252,249,0
253,250,0
254,250,0
255,251,0
256,251,0
257,251,0
258,252,0
259,252,0
260,253,0
261,253,0
262,254,0
263,254,0
264,255,0
265,255,0
416,61,0
416,62,0
415,63,0
415,64,0
415,65,0
414,66,0
414,67,0
413,68,0
413,69,0
413,70,0
412,71,0
412,72,0
412,73,0
411,74,0
411,75,0
410,76,0
410,77,0
410,78,0
409,79,0
409,80,0
409,81,0
408,82,0
408,83,0
407,84,0
407,85,0
407,86,0
406,87,0
406,88,0
406,89,0
405,90,0
405,91,0
404,92,0
404,93,0
404,94,0
403,95,0
403,96,0
403,97,0
402,98,0
402,99,0
401,100,0
401,101,0
401,102,0
400,103,0
400,104,0
400,105,0
399,106,0
399,107,0
398,108,0
398,109,0
398,110,0
397,111,0
397,112,0
397,113,0
396,114,0
396,115,0
395,116,0
395,117,0
395,118,0
394,119,0
394,120,0
394,121,0
393,122,0
393,123,0
393,124,0
392,125,0
392,126,0
391,127,0
391,128,0
391,129,0
390,130,0
390,131,0
390,132,0
389,133,0
389,134,0
388,135,0
388,136,0
388,137,0
387,138,0
387,139,0
387,140,0
386,141,0
386,142,0
385,143,0
385,144,0
385,145,0
384,146,0
384,147,0
384,148,0
383,149,0
383,150,0
382,151,0
382,152,0
382,153,0
381,154,0
381,155,0
381,156,0
380,157,0
380,158,0
379,159,0
379,160,0
379,161,0
378,162,0
378,163,0
378,164,0
377,165,0
377,166,0
376,167,0
376,168,0
376,169,0
375,170,0
375,171,0
375,172,0
374,173,0
374,174,0
373,175,0
373,176,0
373,177,0
372,178,0
372,179,0
372,180,0
371,181,0
371,182,0
371,183,0
370,184,0
370,185,0
369,186,0
369,187,0
369,188,0
368,189,0
368,190,0
368,191,0
367,192,0
367,193,0
366,194,0
366,195,0
366,196,0
365,197,0
365,198,0
365,199,0
364,200,0
364,201,0
363,202,0
363,203,0
363,204,0
362,205,0
362,206,0
362,207,0
361,208,0
361,209,0
360,210,0
360,211,0
360,212,0
359,213,0
359,214,0
359,215,0
358,216,0
358,217,0
357,218,0
357,219,0
357,220,0
356,221,0
356,222,0
356,223,0
355,224,0
355,225,0
354,226,0
354,227,0
354,228,0
353,229,0
353,230,0
353,231,0
352,232,0
352,233,0
351,234,0
351,235,0
351,236,0
350,237,0
350,238,0
159,103,0
160,103,0
161,104,0
162,104,0
163,105,0
164,105,0
165,106,0
166,106,0
167,107,0
168,107,0
169,108,0
170,108,0
171,108,0
172,109,0
173,109,0
174,110,0
175,110,0
176,111,0
177,111,0
178,112,0
179,112,0
180,113,0
181,113,0
182,114,0
183,114,0
184,114,0
185,115,0
186,115,0
187,116,0
188,116,0
189,117,0
190,117,0
191,118,0
192,118,0
193,119,0
194,119,0
195,119,0
196,120,0
197,120,0
198,121,0
199,121,0
200,122,0
201,122,0
202,123,0
203,123,0
204,124,0
205,124,0
206,124,0
207,125,0
208,125,0
209,126,0
210,126,0
211,127,0
212,127,0
213,128,0
214,128,0
215,129,0
216,129,0
217,130,0
218,130,0
219,130,0
220,131,0
221,131,0
222,132,0
223,132,0
224,133,0
225,133,0
226,134,0
227,134,0
228,135,0
229,135,0
230,135,0
231,136,0
232,136,0
233,137,0
234,137,0
235,138,0
236,138,0
237,139,0
238,139,0
239,140,0
240,140,0
241,141,0
242,141,0
243,141,0
244,142,0
245,142,0
246,143,0
247,143,0
248,144,0
249,144,0
250,145,0
251,145,0
252,146,0
253,146,0
254,146,0
255,147,0
256,147,0
257,148,0
258,148,0
259,149,0
260,149,0
261,150,0
262,150,0
263,151,0
264,151,0
265,151,0
266,152,0
267,152,0
268,153,0
269,153,0
270,154,0
271,154,0
272,155,0
273,155,0
274,156,0
275,156,0
276,157,0
277,157,0
278,157,0
279,158,0
280,158,0
281,159,0
282,159,0
283,160,0
284,160,0
285,161,0
286,161,0
287,162,0
288,162,0
289,162,0
290,163,0
291,163,0
292,164,0
293,164,0
294,165,0
295,165,0
296,166,0
297,166,0
298,167,0
299,167,0
300,167,0
301,168,0
302,168,0
303,169,0
304,169,0
305,170,0
306,170,0
307,171,0
308,171,0
309,172,0
310,172,0
311,173,0
312,173,0
313,173,0
314,174,0
315,174,0
316,175,0
317,175,0
318,176,0
319,176,0
320,177,0
321,177,0
322,178,0
323,178,0
324,178,0
325,179,0
326,179,0
327,180,0
328,180,0
329,181,0
330,181,0
331,182,0
332,182,0
333,183,0
334,183,0
335,184,0
336,184,0
337,184,0
338,185,0
339,185,0
340,186,0
341,186,0
342,187,0
343,187,0
344,188,0
345,188,0
346,189,0
347,189,0
348,189,0
349,190,0
350,190,0
351,191,0
352,191,0
353,192,0
354,192,0
355,193,0
356,193,0
357,194,0
358,194,0
359,194,0
360,195,0
361,195,0
362,196,0
363,196,0
364,197,0
365,197,0
366,198,0
367,198,0
368,199,0
369,199,0
370,200,0
371,200,0
372,200,0
373,201,0
374,201,0
375,202,0
376,202,0
377,203,0
378,203,0
379,204,0
380,204,0
381,205,0
382,205,0
144,137,0
145,137,0
146,137,0
147,137,0
148,137,0
149,137,0
150,137,0
151,137,0
152,137,0
153,137,0
154,137,0
155,137,0
156,137,0
157,137,0
158,137,0
159,137,0
160,137,0
161,137,0
162,137,0
163,137,0
164,138,0
165,138,0
166,138,0
167,138,0
168,138,0
169,138,0
170,138,0
171,138,0
172,138,0
173,138,0
174,138,0
175,138,0
176,138,0
177,138,0
178,138,0
179,138,0
180,138,0
181,138,0
182,138,0
183,138,0
184,138,0
185,138,0
186,138,0
187,138,0
188,138,0
189,138,0
190,138,0
191,138,0
192,138,0
193,138,0
194,138,0
195,138,0
196,138,0
197,138,0
198,138,0
199,138,0
200,138,0
201,138,0
202,139,0
203,139,0
204,139,0
205,139,0
206,139,0
207,139,0
208,139,0
209,139,0
210,139,0
211,139,0
212,139,0
213,139,0
214,139,0
215,139,0
216,139,0
217,139,0
218,139,0
219,139,0
220,139,0
221,139,0
222,139,0
223,139,0
224,139,0
225,139,0
226,139,0
227,139,0
228,139,0
229,139,0
230,139,0
231,139,0
232,139,0
233,139,0
234,139,0
235,139,0
236,139,0
237,139,0
238,139,0
239,139,0
240,139,0
241,140,0
242,140,0
243,140,0
244,140,0
245,140,0
246,140,0
247,140,0
248,140,0
249,140,0
250,140,0
251,140,0
252,140,0
253,140,0
254,140,0
255,140,0
256,140,0
257,140,0
258,140,0
259,140,0
260,140,0
261,140,0
262,140,0
263,140,0
264,140,0
265,140,0
266,140,0
267,140,0
268,140,0
269,140,0
270,140,0
271,140,0
272,140,0
273,140,0
274,140,0
275,140,0
276,140,0
277,140,0
278,140,0
279,141,0
280,141,0
281,141,0
282,141,0
283,141,0
284,141,0
285,141,0
286,141,0
287,141,0
288,141,0
289,141,0
290,141,0
291,141,0
292,141,0
293,141,0
294,141,0
295,141,0
296,141,0
297,141,0
298,141,0
299,141,0
300,141,0
301,141,0
302,141,0
303,141,0
304,141,0
305,141,0
306,141,0
307,141,0
308,141,0
309,141,0
310,141,0
311,141,0
312,141,0
313,141,0
314,141,0
315,141,0
316,141,0
317,141,0
318,142,0
319,142,0
320,142,0
321,142,0
322,142,0
323,142,0
324,142,0
325,142,0
326,142,0
327,142,0
328,142,0
329,142,0
330,142,0
331,142,0
332,142,0
333,142,0
334,142,0
335,142,0
336,142,0
337,142,0
338,142,0
339,142,0
340,142,0
341,142,0
342,142,0
343,142,0
344,142,0
345,142,0
346,142,0
347,142,0
348,142,0
349,142,0
350,142,0
351,142,0
352,142,0
353,142,0
354,142,0
355,142,0
356,142,0
357,143,0
358,143,0
359,143,0
360,143,0
361,143,0
362,143,0
363,143,0
364,143,0
365,143,0
366,143,0
367,143,0
368,143,0
369,143,0
370,143,0
371,143,0
372,143,0
373,143,0
374,143,0
375,143,0
376,143,0
377,143,0
378,143,0
379,143,0
380,143,0
381,143,0
382,143,0
383,143,0
384,143,0
385,143,0
386,143,0
387,143,0
388,143,0
389,143,0
390,143,0
391,143,0
392,143,0
393,143,0
394,143,0
395,144,0
396,144,0
397,144,0
398,144,0
399,144,0
400,144,0
401,144,0
402,144,0
403,144,0
404,144,0
405,144,0
406,144,0
407,144,0
408,144,0
409,144,0
410,144,0
411,144,0
412,144,0
413,144,0
414,144,0
139,217,0
140,217,0
141,217,0
142,218,0
143,218,0
144,218,0
145,218,0
146,219,0
147,219,0
148,219,0
149,219,0
150,220,0
151,220,0
152,220,0
153,220,0
154,220,0
155,221,0
156,221,0
157,221,0
158,221,0
159,222,0
160,222,0
161,222,0
162,222,0
163,223,0
164,223,0
165,223,0
166,223,0
167,224,0
168,224,0
169,224,0
170,224,0
171,224,0
172,225,0
173,225,0
174,225,0
175,225,0
176,226,0
177,226,0
178,226,0
179,226,0
180,227,0
181,227,0
182,227,0
183,227,0
184,227,0
185,228,0
186,228,0
187,228,0
188,228,0
189,229,0
190,229,0
191,229,0
192,229,0
193,230,0
194,230,0
195,230,0
196,230,0
197,230,0
198,231,0
199,231,0
200,231,0
201,231,0
202,232,0
203,232,0
204,232,0
205,232,0
206,233,0
207,233,0
208,233,0
209,233,0
210,233,0
211,234,0
212,234,0
213,234,0
214,234,0
215,235,0
216,235,0
217,235,0
218,235,0
219,236,0
220,236,0
221,236,0
222,236,0
223,237,0
224,237,0
225,237,0
226,237,0
227,237,0
228,238,0
229,238,0
230,238,0
231,238,0
232,239,0
233,239,0
234,239,0
235,239,0
236,240,0
237,240,0
238,240,0
239,240,0
240,240,0
241,241,0
242,241,0
243,241,0
244,241,0
245,242,0
246,242,0
247,242,0
248,242,0
249,243,0
250,243,0
251,243,0
252,243,0
253,243,0
254,244,0
255,244,0
256,244,0
257,244,0
258,245,0
259,245,0
260,245,0
261,245,0
262,246,0
263,246,0
264,246,0
265,246,0
266,247,0
267,247,0
268,247,0
269,247,0
270,247,0
271,248,0
272,248,0
273,248,0
274,248,0
275,249,0
276,249,0
277,249,0
278,249,0
279,250,0
280,250,0
281,250,0
282,250,0
283,250,0
284,251,0
285,251,0
286,251,0
287,251,0
288,252,0
289,252,0
290,252,0
291,252,0
292,253,0
293,253,0
294,253,0
295,253,0
296,253,0
297,254,0
298,254,0
299,254,0
300,254,0
301,255,0
302,255,0
303,255,0
304,255,0
305,256,0
306,256,0
307,256,0
308,256,0
309,257,0
310,257,0
311,257,0
312,257,0
313,257,0
314,258,0
315,258,0
316,258,0
317,258,0
318,259,0
319,259,0
320,259,0
321,259,0
322,260,0
323,260,0
324,260,0
325,260,0
326,260,0
327,261,0
328,261,0
329,261,0
330,261,0
331,262,0
332,262,0
333,262,0
334,262,0
335,263,0
336,263,0
337,263,0
338,263,0
339,263,0
340,264,0
341,264,0
342,264,0
343,264,0
344,265,0
345,265,0
346,265,0
347,265,0
348,266,0
349,266,0
350,266,0
351,266,0
352,266,0
353,267,0
354,267,0
355,267,0
356,267,0
357,268,0
358,268,0
359,268,0
360,268,0
361,269,0
362,269,0
363,269,0
364,269,0
365,270,0
366,270,0
367,270,0
368,270,0
369,270,0
370,271,0
371,271,0
372,271,0
373,271,0
374,272,0
375,272,0
376,272,0
377,272,0
378,273,0
379,273,0
380,273,0
303,63,0
303,64,0
303,65,0
303,66,0
303,67,0
303,68,0
303,69,0
303,70,0
303,71,0
303,72,0
302,73,0
302,74,0
302,75,0
302,76,0
302,77,0
302,78,0
302,79,0
302,80,0
302,81,0
302,82,0
302,83,0
302,84,0
302,85,0
302,86,0
302,87,0
302,88,0
302,89,0
302,90,0
302,91,0
301,92,0
301,93,0
301,94,0
301,95,0
301,96,0
301,97,0
301,98,0
301,99,0
301,100,0
301,101,0
301,102,0
301,103,0
301,104,0
301,105,0
301,106,0
301,107,0
301,108,0
301,109,0
301,110,0
301,111,0
300,112,0
300,113,0
300,114,0
300,115,0
300,116,0
300,117,0
300,118,0
300,119,0
300,120,0
300,121,0
300,122,0
300,123,0
300,124,0
300,125,0
300,126,0
300,127,0
300,128,0
300,129,0
300,130,0
299,131,0
299,132,0
299,133,0
299,134,0
299,135,0
299,136,0
299,137,0
299,138,0
299,139,0
299,140,0
299,141,0
299,142,0
299,143,0
299,144,0
299,145,0
299,146,0
299,147,0
299,148,0
299,149,0
298,150,0
298,151,0
298,152,0
298,153,0
298,154,0
298,155,0
298,156,0
298,157,0
298,158,0
298,159,0
298,160,0
298,161,0
298,162,0
298,163,0
298,164,0
298,165,0
298,166,0
298,167,0
298,168,0
297,169,0
297,170,0
297,171,0
297,172,0
297,173,0
297,174,0
297,175,0
297,176,0
297,177,0
297,178,0
297,179,0
297,180,0
297,181,0
297,182,0
297,183,0
297,184,0
297,185,0
297,186,0
297,187,0
297,188,0
296,189,0
296,190,0
296,191,0
296,192,0
296,193,0
296,194,0
296,195,0
296,196,0
296,197,0
296,198,0
296,199,0
296,200,0
296,201,0
296,202,0
296,203,0
296,204,0
296,205,0
296,206,0
296,207,0
295,208,0
295,209,0
295,210,0
295,211,0
295,212,0
295,213,0
295,214,0
295,215,0
295,216,0
295,217,0
111,88,0
112,88,0
113,89,0
114,89,0
115,89,0
116,90,0
117,90,0
118,90,0
119,91,0
120,91,0
121,91,0
122,92,0
123,92,0
124,92,0
125,93,0
126,93,0
127,93,0
128,94,0
129,94,0
130,94,0
131,95,0
132,95,0
133,96,0
134,96,0
135,96,0
136,97,0
137,97,0
138,97,0
139,98,0
140,98,0
141,98,0
142,99,0
143,99,0
144,99,0
145,100,0
146,100,0
147,100,0
148,101,0
149,101,0
150,101,0
151,102,0
152,102,0
153,102,0
154,103,0
155,103,0
156,103,0
157,104,0
158,104,0
159,104,0
160,105,0
161,105,0
162,105,0
163,106,0
164,106,0
165,106,0
166,107,0
167,107,0
168,107,0
169,108,0
170,108,0
171,109,0
172,109,0
173,109,0
174,110,0
175,110,0
176,110,0
177,111,0
178,111,0
179,111,0
180,112,0
181,112,0
182,112,0
183,113,0
184,113,0
185,113,0
186,114,0
187,114,0
188,114,0
189,115,0
190,115,0
191,115,0
192,116,0
193,116,0
194,116,0
195,117,0
196,117,0
197,117,0
198,118,0
199,118,0
200,118,0
201,119,0
202,119,0
203,119,0
204,120,0
205,120,0
206,120,0
207,121,0
208,121,0
209,122,0
210,122,0
211,122,0
212,123,0
213,123,0
214,123,0
215,124,0
216,124,0
217,124,0
218,125,0
219,125,0
220,125,0
221,126,0
222,126,0
223,126,0
224,127,0
225,127,0
226,127,0
227,128,0
228,128,0
229,128,0
230,129,0
231,129,0
232,129,0
233,130,0
234,130,0
235,130,0
236,131,0
237,131,0
238,131,0
239,132,0
240,132,0
241,132,0
242,133,0
243,133,0
244,133,0
245,134,0
246,134,0
247,135,0
248,135,0
249,135,0
250,136,0
251,136,0
252,136,0
253,137,0
254,137,0
255,137,0
256,138,0
257,138,0
258,138,0
259,139,0
260,139,0
261,139,0
262,140,0
263,140,0
264,140,0
265,141,0
266,141,0
267,141,0
268,142,0
269,142,0
270,142,0
271,143,0
272,143,0
273,143,0
274,144,0
275,144,0
276,144,0
277,145,0
278,145,0
279,145,0
280,146,0
281,146,0
282,146,0
283,147,0
284,147,0
285,147,0
286,148,0
287,148,0
288,149,0
289,149,0
290,149,0
291,150,0
292,150,0
293,150,0
294,151,0
295,151,0
296,151,0
297,152,0
298,152,0
299,152,0
300,153,0
301,153,0
302,153,0
303,154,0
304,154,0
305,154,0
306,155,0
307,155,0
308,155,0
309,156,0
310,156,0
311,156,0
312,157,0
313,157,0
314,157,0
315,158,0
316,158,0
317,158,0
318,159,0
319,159,0
320,159,0
321,160,0
322,160,0
323,160,0
324,161,0
325,161,0
326,162,0
327,162,0
328,162,0
329,163,0
330,163,0
331,163,0
332,164,0
333,164,0
334,164,0
335,165,0
336,165,0
337,165,0
338,166,0
339,166,0
340,166,0
341,167,0
342,167,0
343,167,0
344,168,0
345,168,0
346,168,0
347,169,0
348,169,0
349,169,0
350,170,0
351,170,0
352,170,0
353,171,0
354,171,0
355,171,0
356,172,0
357,172,0
358,172,0
359,173,0
360,173,0
361,173,0
362,174,0
363,174,0
364,175,0
365,175,0
366,175,0
367,176,0
368,176,0
369,176,0
370,177,0
371,177,0
372,177,0
373,178,0
374,178,0
375,178,0
376,179,0
377,179,0
378,179,0
379,180,0
380,180,0
381,180,0
382,181,0
383,181,0
123,250,0
124,249,0
125,248,0
126,247,0
127,246,0
128,245,0
129,244,0
130,243,0
131,242,0
132,241,0
133,240,0
134,239,0
135,238,0
136,237,0
137,236,0
138,235,0
139,234,0
140,233,0
141,232,0
142,231,0
143,230,0
144,229,0
145,228,0
146,227,0
147,226,0
148,225,0
149,224,0
150,223,0
151,222,0
152,221,0
153,220,0
154,219,0
155,218,0
156,217,0
157,216,0
158,215,0
159,214,0
160,213,0
161,212,0
162,211,0
163,210,0
164,209,0
165,208,0
166,207,0
167,206,0
168,205,0
169,204,0
170,203,0
171,202,0
172,201,0
173,200,0
174,199,0
175,198,0
176,197,0
177,196,0
178,195,0
179,194,0
180,193,0
181,192,0
182,191,0
183,190,0
184,189,0
185,188,0
186,187,0
187,186,0
188,185,0
189,184,0
190,183,0
191,182,0
192,181,0
193,180,0
194,179,0
195,178,0
196,177,0
197,176,0
198,175,0
199,174,0
200,173,0
201,172,0
202,171,0
203,170,0
204,169,0
205,168,0
206,167,0
207,166,0
208,165,0
209,164,0
210,163,0
211,162,0
212,161,0
213,160,0
214,160,0
215,159,0
216,158,0
217,157,0
218,156,0
219,155,0
220,154,0
221,153,0
222,152,0
223,151,0
224,150,0
225,149,0
226,148,0
227,147,0
228,146,0
229,145,0
230,144,0
231,143,0
232,142,0
233,141,0
234,140,0
235,139,0
236,138,0
237,137,0
238,136,0
239,135,0
240,134,0
241,133,0
242,132,0
243,131,0
244,130,0
245,129,0
246,128,0
247,127,0
248,126,0
249,125,0
250,124,0
251,123,0
252,122,0
253,121,0
254,120,0
255,119,0
256,118,0
257,117,0
258,116,0
259,115,0
260,114,0
261,113,0
262,112,0
263,111,0
264,110,0
265,109,0
266,108,0
267,107,0
268,106,0
269,105,0
270,104,0
271,103,0
272,102,0
273,101,0
274,100,0
275,99,0
276,98,0
277,97,0
278,96,0
279,95,0
280,94,0
281,93,0
282,92,0
283,91,0
284,90,0
285,89,0
286,88,0
287,87,0
288,86,0
289,85,0
290,84,0
291,83,0
292,82,0
293,81,0
294,80,0
295,79,0
296,78,0
297,77,0
298,76,0
299,75,0
300,74,0
301,73,0
302,72,0
303,71,0
432,31,0
-272,31,0
432,-31,0
-272,-31,0
49,352,0
111,-352,0
111,352,0
49,-352,0
432,32,0
272,32,0
432,30,0
272,30,0
351,111,0
353,-49,0
353,111,0
351,-49,0
432,33,0
272,33,0
432,29,0
272,29,0
350,111,0
354,-49,0
354,111,0
350,-49,0
432,34,0
272,34,0
432,28,0
272,28,0
349,111,0
355,-49,0
355,111,0
349,-49,0
432,35,0
272,35,0
432,27,0
272,27,0
348,111,0
356,-49,0
356,111,0
348,-49,0
432,36,0
272,36,0
432,26,0
272,26,0
347,111,0
357,-49,0
357,111,0
347,-49,0
432,37,0
272,37,0
432,25,0
272,25,0
346,111,0
358,-49,0
358,111,0
346,-49,0
432,38,0
272,38,0
432,24,0
272,24,0
345,111,0
359,-49,0
359,111,0
345,-49,0
432,39,0
272,39,0
432,23,0
272,23,0
344,111,0
360,-49,0
360,111,0
344,-49,0
431,40,0
273,40,0
431,22,0
273,22,0
343,110,0
361,-48,0
361,110,0
343,-48,0
431,41,0
273,41,0
431,21,0
273,21,0
342,110,0
362,-48,0
362,110,0
342,-48,0
431,42,0
273,42,0
431,20,0
273,20,0
341,110,0
363,-48,0
363,110,0
341,-48,0
431,43,0
273,43,0
431,19,0
273,19,0
340,110,0
364,-48,0
364,110,0
340,-48,0
431,44,0
273,44,0
431,18,0
273,18,0
339,110,0
365,-48,0
365,110,0
339,-48,0
431,45,0
273,45,0
431,17,0
273,17,0
338,110,0
366,-48,0
366,110,0
338,-48,0
431,46,0
273,46,0
431,16,0
273,16,0
337,110,0
367,-48,0
367,110,0
337,-48,0
430,47,0
274,47,0
430,15,0
274,15,0
336,109,0
368,-47,0
368,109,0
336,-47,0
430,48,0
274,48,0
430,14,0
274,14,0
335,109,0
369,-47,0
369,109,0
335,-47,0
430,49,0
274,49,0
430,13,0
274,13,0
334,109,0
370,-47,0
370,109,0
334,-47,0
430,50,0
274,50,0
430,12,0
274,12,0
333,109,0
371,-47,0
371,109,0
333,-47,0
430,51,0
274,51,0
430,11,0
274,11,0
332,109,0
372,-47,0
372,109,0
332,-47,0
429,52,0
275,52,0
429,10,0
275,10,0
331,108,0
373,-46,0
373,108,0
331,-46,0
429,53,0
275,53,0
429,9,0
275,9,0
330,108,0
374,-46,0
374,108,0
330,-46,0
429,54,0
275,54,0
429,8,0
275,8,0
329,108,0
375,-46,0
375,108,0
329,-46,0
428,55,0
276,55,0
428,7,0
276,7,0
328,107,0
376,-45,0
376,107,0
328,-45,0
428,56,0
276,56,0
428,6,0
276,6,0
327,107,0
377,-45,0
377,107,0
327,-45,0
428,57,0
276,57,0
428,5,0
276,5,0
326,107,0
378,-45,0
378,107,0
326,-45,0
427,57,0
277,57,0
427,5,0
277,5,0
326,106,0
378,-44,0
378,106,0
326,-44,0
427,58,0
277,58,0
427,4,0
277,4,0
325,106,0
379,-44,0
379,106,0
325,-44,0
427,59,0
277,59,0
427,3,0
277,3,0
324,106,0
380,-44,0
380,106,0
324,-44,0
426,60,0
278,60,0
426,2,0
278,2,0
323,105,0
381,-43,0
381,105,0
323,-43,0
426,61,0
278,61,0
426,1,0
278,1,0
322,105,0
382,-43,0
382,105,0
322,-43,0
426,62,0
278,62,0
426,0,0
278,0,0
321,105,0
383,-43,0
383,105,0
321,-43,0
425,63,0
279,63,0
425,-1,0
279,-1,0
320,104,0
384,-42,0
384,104,0
320,-42,0
425,64,0
279,64,0
425,-2,0
279,-2,0
319,104,0
385,-42,0
385,104,0
319,-42,0
424,65,0
280,65,0
424,-3,0
280,-3,0
318,103,0
386,-41,0
386,103,0
318,-41,0
424,66,0
280,66,0
424,-4,0
280,-4,0
317,103,0
387,-41,0
387,103,0
317,-41,0
424,67,0
280,67,0
424,-5,0
280,-5,0
316,103,0
388,-41,0
388,103,0
316,-41,0
423,68,0
281,68,0
423,-6,0
281,-6,0
315,102,0
389,-40,0
389,102,0
315,-40,0
423,68,0
281,68,0
423,-6,0
281,-6,0
315,102,0
389,-40,0
389,102,0
315,-40,0
422,69,0
282,69,0
422,-7,0
282,-7,0
314,101,0
390,-39,0
390,101,0
314,-39,0
422,70,0
282,70,0
422,-8,0
282,-8,0
313,101,0
391,-39,0
391,101,0
313,-39,0
421,71,0
283,71,0
421,-9,0
283,-9,0
312,100,0
392,-38,0
392,100,0
312,-38,0
421,72,0
283,72,0
421,-10,0
283,-10,0
311,100,0
393,-38,0
393,100,0
311,-38,0
420,73,0
284,73,0
420,-11,0
284,-11,0
310,99,0
394,-37,0
394,99,0
310,-37,0
420,74,0
284,74,0
420,-12,0
284,-12,0
309,99,0
395,-37,0
395,99,0
309,-37,0
419,75,0
285,75,0
419,-13,0
285,-13,0
308,98,0
396,-36,0
396,98,0
308,-36,0
419,75,0
285,75,0
419,-13,0
285,-13,0
308,98,0
396,-36,0
396,98,0
308,-36,0
418,76,0
286,76,0
418,-14,0
286,-14,0
307,97,0
397,-35,0
397,97,0
307,-35,0
417,77,0
287,77,0
417,-15,0
287,-15,0
306,96,0
398,-34,0
398,96,0
306,-34,0
417,78,0
287,78,0
417,-16,0
287,-16,0
305,96,0
399,-34,0
399,96,0
305,-34,0
416,79,0
288,79,0
416,-17,0
288,-17,0
304,95,0
400,-33,0
400,95,0
304,-33,0
416,79,0
288,79,0
416,-17,0
288,-17,0
304,95,0
400,-33,0
400,95,0
304,-33,0
415,80,0
289,80,0
415,-18,0
289,-18,0
303,94,0
401,-32,0
401,94,0
303,-32,0
414,81,0
290,81,0
414,-19,0
290,-19,0
302,93,0
402,-31,0
402,93,0
302,-31,0
414,82,0
290,82,0
414,-20,0
290,-20,0
301,93,0
403,-31,0
403,93,0
301,-31,0
413,83,0
291,83,0
413,-21,0
291,-21,0
300,92,0
404,-30,0
404,92,0
300,-30,0
413,83,0
291,83,0
413,-21,0
291,-21,0
300,92,0
404,-30,0
404,92,0
300,-30,0
412,84,0
292,84,0
412,-22,0
292,-22,0
299,91,0
405,-29,0
405,91,0
299,-29,0
411,85,0
293,85,0
411,-23,0
293,-23,0
298,90,0
406,-28,0
406,90,0
298,-28,0
411,86,0
293,86,0
411,-24,0
293,-24,0
297,90,0
407,-28,0
407,90,0
297,-28,0
410,86,0
294,86,0
410,-24,0
294,-24,0
297,89,0
407,-27,0
407,89,0
297,-27,0
409,87,0
295,87,0
409,-25,0
295,-25,0
296,88,0
408,-26,0
408,88,0
296,-26,0
408,88,0
296,88,0
408,-26,0
296,-26,0
295,87,0
409,-25,0
409,87,0
295,-25,0
225,89,0
-65,89,0
225,-89,0
-65,-89,0
-9,145,0
169,-145,0
169,145,0
-9,-145,0
225,90,0
65,90,0
225,88,0
65,88,0
144,169,0
146,9,0
146,169,0
144,9,0
225,91,0
65,91,0
225,87,0
65,87,0
143,169,0
147,9,0
147,169,0
143,9,0
225,92,0
65,92,0
225,86,0
65,86,0
142,169,0
148,9,0
148,169,0
142,9,0
225,93,0
65,93,0
225,85,0
65,85,0
141,169,0
149,9,0
149,169,0
141,9,0
225,94,0
65,94,0
225,84,0
65,84,0
140,169,0
150,9,0
150,169,0
140,9,0
225,95,0
65,95,0
225,83,0
65,83,0
139,169,0
151,9,0
151,169,0
139,9,0
225,96,0
65,96,0
225,82,0
65,82,0
138,169,0
152,9,0
152,169,0
138,9,0
225,97,0
65,97,0
225,81,0
65,81,0
137,169,0
153,9,0
153,169,0
137,9,0
224,98,0
66,98,0
224,80,0
66,80,0
136,168,0
154,10,0
154,168,0
136,10,0
224,99,0
66,99,0
224,79,0
66,79,0
135,168,0
155,10,0
155,168,0
135,10,0
224,100,0
66,100,0
224,78,0
66,78,0
134,168,0
156,10,0
156,168,0
134,10,0
224,101,0
66,101,0
224,77,0
66,77,0
133,168,0
157,10,0
157,168,0
133,10,0
224,102,0
66,102,0
224,76,0
66,76,0
132,168,0
158,10,0
158,168,0
132,10,0
224,103,0
66,103,0
224,75,0
66,75,0
131,168,0
159,10,0
159,168,0
131,10,0
224,104,0
66,104,0
224,74,0
66,74,0
130,168,0
160,10,0
160,168,0
130,10,0
223,105,0
67,105,0
223,73,0
67,73,0
129,167,0
161,11,0
161,167,0
129,11,0
223,106,0
67,106,0
223,72,0
67,72,0
128,167,0
162,11,0
162,167,0
128,11,0
223,107,0
67,107,0
223,71,0
67,71,0
127,167,0
163,11,0
163,167,0
127,11,0
223,108,0
67,108,0
223,70,0
67,70,0
126,167,0
164,11,0
164,167,0
126,11,0
223,109,0
67,109,0
223,69,0
67,69,0
125,167,0
165,11,0
165,167,0
125,11,0
222,110,0
68,110,0
222,68,0
68,68,0
124,166,0
166,12,0
166,166,0
124,12,0
222,111,0
68,111,0
222,67,0
68,67,0
123,166,0
167,12,0
167,166,0
123,12,0
222,112,0
68,112,0
222,66,0
68,66,0
122,166,0
168,12,0
168,166,0
122,12,0
221,113,0
69,113,0
221,65,0
69,65,0
121,165,0
169,13,0
169,165,0
121,13,0
221,114,0
69,114,0
221,64,0
69,64,0
120,165,0
170,13,0
170,165,0
120,13,0
221,115,0
69,115,0
221,63,0
69,63,0
119,165,0
171,13,0
171,165,0
119,13,0
220,115,0
70,115,0
220,63,0
70,63,0
119,164,0
171,14,0
171,164,0
119,14,0
220,116,0
70,116,0
220,62,0
70,62,0
118,164,0
172,14,0
172,164,0
118,14,0
220,117,0
70,117,0
220,61,0
70,61,0
117,164,0
173,14,0
173,164,0
117,14,0
219,118,0
71,118,0
219,60,0
71,60,0
116,163,0
174,15,0
174,163,0
116,15,0
219,119,0
71,119,0
219,59,0
71,59,0
115,163,0
175,15,0
175,163,0
115,15,0
219,120,0
71,120,0
219,58,0
71,58,0
114,163,0
176,15,0
176,163,0
114,15,0
218,121,0
72,121,0
218,57,0
72,57,0
113,162,0
177,16,0
177,162,0
113,16,0
218,122,0
72,122,0
218,56,0
72,56,0
112,162,0
178,16,0
178,162,0
112,16,0
217,123,0
73,123,0
217,55,0
73,55,0
111,161,0
179,17,0
179,161,0
111,17,0
217,124,0
73,124,0
217,54,0
73,54,0
110,161,0
180,17,0
180,161,0
110,17,0
217,125,0
73,125,0
217,53,0
73,53,0
109,161,0
181,17,0
181,161,0
109,17,0
216,126,0
74,126,0
216,52,0
74,52,0
108,160,0
182,18,0
182,160,0
108,18,0
216,126,0
74,126,0
216,52,0
74,52,0
108,160,0
182,18,0
182,160,0
108,18,0
215,127,0
75,127,0
215,51,0
75,51,0
107,159,0
183,19,0
183,159,0
107,19,0
215,128,0
75,128,0
215,50,0
75,50,0
106,159,0
184,19,0
184,159,0
106,19,0
214,129,0
76,129,0
214,49,0
76,49,0
105,158,0
185,20,0
185,158,0
105,20,0
214,130,0
76,130,0
214,48,0
76,48,0
104,158,0
186,20,0
186,158,0
104,20,0
213,131,0
77,131,0
213,47,0
77,47,0
103,157,0
187,21,0
187,157,0
103,21,0
213,132,0
77,132,0
213,46,0
77,46,0
102,157,0
188,21,0
188,157,0
102,21,0
212,133,0
78,133,0
212,45,0
78,45,0
101,156,0
189,22,0
189,156,0
101,22,0
212,133,0
78,133,0
212,45,0
78,45,0
101,156,0
189,22,0
189,156,0
101,22,0
211,134,0
79,134,0
211,44,0
79,44,0
100,155,0
190,23,0
190,155,0
100,23,0
210,135,0
80,135,0
210,43,0
80,43,0
99,154,0
191,24,0
191,154,0
99,24,0
210,136,0
80,136,0
210,42,0
80,42,0
98,154,0
192,24,0
192,154,0
98,24,0
209,137,0
81,137,0
209,41,0
81,41,0
97,153,0
193,25,0
193,153,0
97,25,0
209,137,0
81,137,0
209,41,0
81,41,0
97,153,0
193,25,0
193,153,0
97,25,0
208,138,0
82,138,0
208,40,0
82,40,0
96,152,0
194,26,0
194,152,0
96,26,0
207,139,0
83,139,0
207,39,0
83,39,0
95,151,0
195,27,0
195,151,0
95,27,0
207,140,0
83,140,0
207,38,0
83,38,0
94,151,0
196,27,0
196,151,0
94,27,0
206,141,0
84,141,0
206,37,0
84,37,0
93,150,0
197,28,0
197,150,0
93,28,0
206,141,0
84,141,0
206,37,0
84,37,0
93,150,0
197,28,0
197,150,0
93,28,0
205,142,0
85,142,0
205,36,0
85,36,0
92,149,0
198,29,0
198,149,0
92,29,0
204,143,0
86,143,0
204,35,0
86,35,0
91,148,0
199,30,0
199,148,0
91,30,0
204,144,0
86,144,0
204,34,0
86,34,0
90,148,0
200,30,0
200,148,0
90,30,0
203,144,0
87,144,0
203,34,0
87,34,0
90,147,0
200,31,0
200,147,0
90,31,0
202,145,0
88,145,0
202,33,0
88,33,0
89,146,0
201,32,0
201,146,0
89,32,0
201,146,0
89,146,0
201,32,0
89,32,0
88,145,0
202,33,0
202,145,0
88,33,0
446,231,0
-286,231,0
446,-231,0
-286,-231,0
-151,366,0
311,-366,0
311,366,0
-151,-366,0
446,232,0
286,232,0
446,230,0
286,230,0
365,311,0
367,151,0
367,311,0
365,151,0
446,233,0
286,233,0
446,229,0
286,229,0
364,311,0
368,151,0
368,311,0
364,151,0
446,234,0
286,234,0
446,228,0
286,228,0
363,311,0
369,151,0
369,311,0
363,151,0
446,235,0
286,235,0
446,227,0
286,227,0
362,311,0
370,151,0
370,311,0
362,151,0
446,236,0
286,236,0
446,226,0
286,226,0
361,311,0
371,151,0
371,311,0
361,151,0
446,237,0
286,237,0
446,225,0
286,225,0
360,311,0
372,151,0
372,311,0
360,151,0
446,238,0
286,238,0
446,224,0
286,224,0
359,311,0
373,151,0
373,311,0
359,151,0
446,239,0
286,239,0
446,223,0
286,223,0
358,311,0
374,151,0
374,311,0
358,151,0
445,240,0
287,240,0
445,222,0
287,222,0
357,310,0
375,152,0
375,310,0
357,152,0
445,241,0
287,241,0
445,221,0
287,221,0
356,310,0
376,152,0
376,310,0
356,152,0
445,242,0
287,242,0
445,220,0
287,220,0
355,310,0
377,152,0
377,310,0
355,152,0
445,243,0
287,243,0
445,219,0
287,219,0
354,310,0
378,152,0
378,310,0
354,152,0
445,244,0
287,244,0
445,218,0
287,218,0
353,310,0
379,152,0
379,310,0
353,152,0
445,245,0
287,245,0
445,217,0
287,217,0
352,310,0
380,152,0
380,310,0
352,152,0
445,246,0
287,246,0
445,216,0
287,216,0
351,310,0
381,152,0
381,310,0
351,152,0
444,247,0
288,247,0
444,215,0
288,215,0
350,309,0
382,153,0
382,309,0
350,153,0
444,248,0
288,248,0
444,214,0
288,214,0
349,309,0
383,153,0
383,309,0
349,153,0
444,249,0
288,249,0
444,213,0
288,213,0
348,309,0
384,153,0
384,309,0
348,153,0
444,250,0
288,250,0
444,212,0
288,212,0
347,309,0
385,153,0
385,309,0
347,153,0
444,251,0
288,251,0
444,211,0
288,211,0
346,309,0
386,153,0
386,309,0
346,153,0
443,252,0
289,252,0
443,210,0
289,210,0
345,308,0
387,154,0
387,308,0
345,154,0
443,253,0
289,253,0
443,209,0
289,209,0
344,308,0
388,154,0
388,308,0
344,154,0
443,254,0
289,254,0
443,208,0
289,208,0
343,308,0
389,154,0
389,308,0
343,154,0
442,255,0
290,255,0
442,207,0
290,207,0
342,307,0
390,155,0
390,307,0
342,155,0
442,256,0
290,256,0
442,206,0
290,206,0
341,307,0
391,155,0
391,307,0
341,155,0
442,257,0
290,257,0
442,205,0
290,205,0
340,307,0
392,155,0
392,307,0
340,155,0
441,257,0
291,257,0
441,205,0
291,205,0
340,306,0
392,156,0
392,306,0
340,156,0
441,258,0
291,258,0
441,204,0
291,204,0
339,306,0
393,156,0
393,306,0
339,156,0
441,259,0
291,259,0
441,203,0
291,203,0
338,306,0
394,156,0
394,306,0
338,156,0
440,260,0
292,260,0
440,202,0
292,202,0
337,305,0
395,157,0
395,305,0
337,157,0
440,261,0
292,261,0
440,201,0
292,201,0
336,305,0
396,157,0
396,305,0
336,157,0
440,262,0
292,262,0
440,200,0
292,200,0
335,305,0
397,157,0
397,305,0
335,157,0
439,263,0
293,263,0
439,199,0
293,199,0
334,304,0
398,158,0
398,304,0
334,158,0
439,264,0
293,264,0
439,198,0
293,198,0
333,304,0
399,158,0
399,304,0
333,158,0
438,265,0
294,265,0
438,197,0
294,197,0
332,303,0
400,159,0
400,303,0
332,159,0
438,266,0
294,266,0
438,196,0
294,196,0
331,303,0
401,159,0
401,303,0
331,159,0
438,267,0
294,267,0
438,195,0
294,195,0
330,303,0
402,159,0
402,303,0
330,159,0
437,268,0
295,268,0
437,194,0
295,194,0
329,302,0
403,160,0
403,302,0
329,160,0
437,268,0
295,268,0
437,194,0
295,194,0
329,302,0
403,160,0
403,302,0
329,160,0
436,269,0
296,269,0
436,193,0
296,193,0
328,301,0
404,161,0
404,301,0
328,161,0
436,270,0
296,270,0
436,192,0
296,192,0
327,301,0
405,161,0
405,301,0
327,161,0
435,271,0
297,271,0
435,191,0
297,191,0
326,300,0
406,162,0
406,300,0
326,162,0
435,272,0
297,272,0
435,190,0
297,190,0
325,300,0
407,162,0
407,300,0
325,162,0
434,273,0
298,273,0
434,189,0
298,189,0
324,299,0
408,163,0
408,299,0
324,163,0
434,274,0
298,274,0
434,188,0
298,188,0
323,299,0
409,163,0
409,299,0
323,163,0
433,275,0
299,275,0
433,187,0
299,187,0
322,298,0
410,164,0
410,298,0
322,164,0
433,275,0
299,275,0
433,187,0
299,187,0
322,298,0
410,164,0
410,298,0
322,164,0
432,276,0
300,276,0
432,186,0
300,186,0
321,297,0
411,165,0
411,297,0
321,165,0
431,277,0
301,277,0
431,185,0
301,185,0
320,296,0
412,166,0
412,296,0
320,166,0
431,278,0
301,278,0
431,184,0
301,184,0
319,296,0
413,166,0
413,296,0
319,166,0
430,279,0
302,279,0
430,183,0
302,183,0
318,295,0
414,167,0
414,295,0
318,167,0
430,279,0
302,279,0
430,183,0
302,183,0
318,295,0
414,167,0
414,295,0
318,167,0
429,280,0
303,280,0
429,182,0
303,182,0
317,294,0
415,168,0
415,294,0
317,168,0
428,281,0
304,281,0
428,181,0
304,181,0
316,293,0
416,169,0
416,293,0
316,169,0
428,282,0
304,282,0
428,180,0
304,180,0
315,293,0
417,169,0
417,293,0
315,169,0
427,283,0
305,283,0
427,179,0
305,179,0
314,292,0
418,170,0
418,292,0
314,170,0
427,283,0
305,283,0
427,179,0
305,179,0
314,292,0
418,170,0
418,292,0
314,170,0
426,284,0
306,284,0
426,178,0
306,178,0
313,291,0
419,171,0
419,291,0
313,171,0
425,285,0
307,285,0
425,177,0
307,177,0
312,290,0
420,172,0
420,290,0
312,172,0
425,286,0
307,286,0
425,176,0
307,176,0
311,290,0
421,172,0
421,290,0
311,172,0
424,286,0
308,286,0
424,176,0
308,176,0
311,289,0
421,173,0
421,289,0
311,173,0
423,287,0
309,287,0
423,175,0
309,175,0
310,288,0
422,174,0
422,288,0
310,174,0
422,288,0
310,288,0
422,174,0
310,174,0
309,287,0
423,175,0
423,287,0
309,175,0
141,193,0
-141,193,0
141,-33,0
-141,-33,0
-113,221,0
113,-61,0
113,221,0
-113,-61,0
142,193,0
140,193,0
142,33,0
140,33,0
61,114,0
221,112,0
221,114,0
61,112,0
143,193,0
139,193,0
143,33,0
139,33,0
61,115,0
221,111,0
221,115,0
61,111,0
144,193,0
138,193,0
144,33,0
138,33,0
61,116,0
221,110,0
221,116,0
61,110,0
145,193,0
137,193,0
145,33,0
137,33,0
61,117,0
221,109,0
221,117,0
61,109,0
146,193,0
136,193,0
146,33,0
136,33,0
61,118,0
221,108,0
221,118,0
61,108,0
147,193,0
135,193,0
147,33,0
135,33,0
61,119,0
221,107,0
221,119,0
61,107,0
148,193,0
134,193,0
148,33,0
134,33,0
61,120,0
221,106,0
221,120,0
61,106,0
149,193,0
133,193,0
149,33,0
133,33,0
61,121,0
221,105,0
221,121,0
61,105,0
150,192,0
132,192,0
150,34,0
132,34,0
62,122,0
220,104,0
220,122,0
62,104,0
151,192,0
131,192,0
151,34,0
131,34,0
62,123,0
220,103,0
220,123,0
62,103,0
152,192,0
130,192,0
152,34,0
130,34,0
62,124,0
220,102,0
220,124,0
62,102,0
153,192,0
129,192,0
153,34,0
129,34,0
62,125,0
220,101,0
220,125,0
62,101,0
154,192,0
128,192,0
154,34,0
128,34,0
62,126,0
220,100,0
220,126,0
62,100,0
155,192,0
127,192,0
155,34,0
127,34,0
62,127,0
220,99,0
220,127,0
62,99,0
156,192,0
126,192,0
156,34,0
126,34,0
62,128,0
220,98,0
220,128,0
62,98,0
157,191,0
125,191,0
157,35,0
125,35,0
63,129,0
219,97,0
219,129,0
63,97,0
158,191,0
124,191,0
158,35,0
124,35,0
63,130,0
219,96,0
219,130,0
63,96,0
159,191,0
123,191,0
159,35,0
123,35,0
63,131,0
219,95,0
219,131,0
63,95,0
160,191,0
122,191,0
160,35,0
122,35,0
63,132,0
219,94,0
219,132,0
63,94,0
161,190,0
121,190,0
161,36,0
121,36,0
64,133,0
218,93,0
218,133,0
64,93,0
162,190,0
120,190,0
162,36,0
120,36,0
64,134,0
218,92,0
218,134,0
64,92,0
163,190,0
119,190,0
163,36,0
119,36,0
64,135,0
218,91,0
218,135,0
64,91,0
164,190,0
118,190,0
164,36,0
118,36,0
64,136,0
218,90,0
218,136,0
64,90,0
165,189,0
117,189,0
165,37,0
117,37,0
65,137,0
217,89,0
217,137,0
65,89,0
166,189,0
116,189,0
166,37,0
116,37,0
65,138,0
217,88,0
217,138,0
65,88,0
167,189,0
115,189,0
167,37,0
115,37,0
65,139,0
217,87,0
217,139,0
65,87,0
168,188,0
114,188,0
168,38,0
114,38,0
66,140,0
216,86,0
216,140,0
66,86,0
169,188,0
113,188,0
169,38,0
113,38,0
66,141,0
216,85,0
216,141,0
66,85,0
170,188,0
112,188,0
170,38,0
112,38,0
66,142,0
216,84,0
216,142,0
66,84,0
171,187,0
111,187,0
171,39,0
111,39,0
67,143,0
215,83,0
215,143,0
67,83,0
172,187,0
110,187,0
172,39,0
110,39,0
67,144,0
215,82,0
215,144,0
67,82,0
173,186,0
109,186,0
173,40,0
109,40,0
68,145,0
214,81,0
214,145,0
68,81,0
174,186,0
108,186,0
174,40,0
108,40,0
68,146,0
214,80,0
214,146,0
68,80,0
175,185,0
107,185,0
175,41,0
107,41,0
69,147,0
213,79,0
213,147,0
69,79,0
176,185,0
106,185,0
176,41,0
106,41,0
69,148,0
213,78,0
213,148,0
69,78,0
177,184,0
105,184,0
177,42,0
105,42,0
70,149,0
212,77,0
212,149,0
70,77,0
178,184,0
104,184,0
178,42,0
104,42,0
70,150,0
212,76,0
212,150,0
70,76,0
179,183,0
103,183,0
179,43,0
103,43,0
71,151,0
211,75,0
211,151,0
71,75,0
180,183,0
102,183,0
180,43,0
102,43,0
71,152,0
211,74,0
211,152,0
71,74,0
181,182,0
101,182,0
181,44,0
101,44,0
72,153,0
210,73,0
210,153,0
72,73,0
182,182,0
100,182,0
182,44,0
100,44,0
72,154,0
210,72,0
210,154,0
72,72,0
183,181,0
99,181,0
183,45,0
99,45,0
73,155,0
209,71,0
209,155,0
73,71,0
184,180,0
98,180,0
184,46,0
98,46,0
74,156,0
208,70,0
208,156,0
74,70,0
185,180,0
97,180,0
185,46,0
97,46,0
74,157,0
208,69,0
208,157,0
74,69,0
186,179,0
96,179,0
186,47,0
96,47,0
75,158,0
207,68,0
207,158,0
75,68,0
187,178,0
95,178,0
187,48,0
95,48,0
76,159,0
206,67,0
206,159,0
76,67,0
188,178,0
94,178,0
188,48,0
94,48,0
76,160,0
206,66,0
206,160,0
76,66,0
189,177,0
93,177,0
189,49,0
93,49,0
77,161,0
205,65,0
205,161,0
77,65,0
190,176,0
92,176,0
190,50,0
92,50,0
78,162,0
204,64,0
204,162,0
78,64,0
191,175,0
91,175,0
191,51,0
91,51,0
79,163,0
203,63,0
203,163,0
79,63,0
192,175,0
90,175,0
192,51,0
90,51,0
79,164,0
203,62,0
203,164,0
79,62,0
193,174,0
89,174,0
193,52,0
89,52,0
80,165,0
202,61,0
202,165,0
80,61,0
194,173,0
88,173,0
194,53,0
88,53,0
81,166,0
201,60,0
201,166,0
81,60,0
195,172,0
87,172,0
195,54,0
87,54,0
82,167,0
200,59,0
200,167,0
82,59,0
196,171,0
86,171,0
196,55,0
86,55,0
83,168,0
199,58,0
199,168,0
83,58,0
197,170,0
85,170,0
197,56,0
85,56,0
84,169,0
198,57,0
198,169,0
84,57,0
198,169,0
84,169,0
198,57,0
84,57,0
85,170,0
197,56,0
197,170,0
85,56,0
350,169,0
-350,169,0
350,-9,0
-350,-9,0
-89,430,0
89,-270,0
89,430,0
-89,-270,0
351,169,0
349,169,0
351,9,0
349,9,0
270,90,0
430,88,0
430,90,0
270,88,0
352,169,0
348,169,0
352,9,0
348,9,0
270,91,0
430,87,0
430,91,0
270,87,0
353,169,0
347,169,0
353,9,0
347,9,0
270,92,0
430,86,0
430,92,0
270,86,0
354,169,0
346,169,0
354,9,0
346,9,0
270,93,0
430,85,0
430,93,0
270,85,0
355,169,0
345,169,0
355,9,0
345,9,0
270,94,0
430,84,0
430,94,0
270,84,0
356,169,0
344,169,0
356,9,0
344,9,0
270,95,0
430,83,0
430,95,0
270,83,0
357,169,0
343,169,0
357,9,0
343,9,0
270,96,0
430,82,0
430,96,0
270,82,0
358,169,0
342,169,0
358,9,0
342,9,0
270,97,0
430,81,0
430,97,0
270,81,0
359,168,0
341,168,0
359,10,0
341,10,0
271,98,0
429,80,0
429,98,0
271,80,0
360,168,0
340,168,0
360,10,0
340,10,0
271,99,0
429,79,0
429,99,0
271,79,0
361,168,0
339,168,0
361,10,0
339,10,0
271,100,0
429,78,0
429,100,0
271,78,0
362,168,0
338,168,0
362,10,0
338,10,0
271,101,0
429,77,0
429,101,0
271,77,0
363,168,0
337,168,0
363,10,0
337,10,0
271,102,0
429,76,0
429,102,0
271,76,0
364,168,0
336,168,0
364,10,0
336,10,0
271,103,0
429,75,0
429,103,0
271,75,0
365,168,0
335,168,0
365,10,0
335,10,0
271,104,0
429,74,0
429,104,0
271,74,0
366,167,0
334,167,0
366,11,0
334,11,0
272,105,0
428,73,0
428,105,0
272,73,0
367,167,0
333,167,0
367,11,0
333,11,0
272,106,0
428,72,0
428,106,0
272,72,0
368,167,0
332,167,0
368,11,0
332,11,0
272,107,0
428,71,0
428,107,0
272,71,0
369,167,0
331,167,0
369,11,0
331,11,0
272,108,0
428,70,0
428,108,0
272,70,0
370,166,0
330,166,0
370,12,0
330,12,0
273,109,0
427,69,0
427,109,0
273,69,0
371,166,0
329,166,0
371,12,0
329,12,0
273,110,0
427,68,0
427,110,0
273,68,0
372,166,0
328,166,0
372,12,0
328,12,0
273,111,0
427,67,0
427,111,0
273,67,0
373,166,0
327,166,0
373,12,0
327,12,0
273,112,0
427,66,0
427,112,0
273,66,0
374,165,0
326,165,0
374,13,0
326,13,0
274,113,0
426,65,0
426,113,0
274,65,0
375,165,0
325,165,0
375,13,0
325,13,0
274,114,0
426,64,0
426,114,0
274,64,0
376,165,0
324,165,0
376,13,0
324,13,0
274,115,0
426,63,0
426,115,0
274,63,0
377,164,0
323,164,0
377,14,0
323,14,0
275,116,0
425,62,0
425,116,0
275,62,0
378,164,0
322,164,0
378,14,0
322,14,0
275,117,0
425,61,0
425,117,0
275,61,0
379,164,0
321,164,0
379,14,0
321,14,0
275,118,0
425,60,0
425,118,0
275,60,0
380,163,0
320,163,0
380,15,0
320,15,0
276,119,0
424,59,0
424,119,0
276,59,0
381,163,0
319,163,0
381,15,0
319,15,0
276,120,0
424,58,0
424,120,0
276,58,0
382,162,0
318,162,0
382,16,0
318,16,0
277,121,0
423,57,0
423,121,0
277,57,0
383,162,0
317,162,0
383,16,0
317,16,0
277,122,0
423,56,0
423,122,0
277,56,0
384,161,0
316,161,0
384,17,0
316,17,0
278,123,0
422,55,0
422,123,0
278,55,0
385,161,0
315,161,0
385,17,0
315,17,0
278,124,0
422,54,0
422,124,0
278,54,0
386,160,0
314,160,0
386,18,0
314,18,0
279,125,0
421,53,0
421,125,0
279,53,0
387,160,0
313,160,0
387,18,0
313,18,0
279,126,0
421,52,0
421,126,0
279,52,0
388,159,0
312,159,0
388,19,0
312,19,0
280,127,0
420,51,0
420,127,0
280,51,0
389,159,0
311,159,0
389,19,0
311,19,0
280,128,0
420,50,0
420,128,0
280,50,0
390,158,0
310,158,0
390,20,0
310,20,0
281,129,0
419,49,0
419,129,0
281,49,0
391,158,0
309,158,0
391,20,0
309,20,0
281,130,0
419,48,0
419,130,0
281,48,0
392,157,0
308,157,0
392,21,0
308,21,0
282,131,0
418,47,0
418,131,0
282,47,0
393,156,0
307,156,0
393,22,0
307,22,0
283,132,0
417,46,0
417,132,0
283,46,0
394,156,0
306,156,0
394,22,0
306,22,0
283,133,0
417,45,0
417,133,0
283,45,0
395,155,0
305,155,0
395,23,0
305,23,0
284,134,0
416,44,0
416,134,0
284,44,0
396,154,0
304,154,0
396,24,0
304,24,0
285,135,0
415,43,0
415,135,0
285,43,0
397,154,0
303,154,0
397,24,0
303,24,0
285,136,0
415,42,0
415,136,0
285,42,0
398,153,0
302,153,0
398,25,0
302,25,0
286,137,0
414,41,0
414,137,0
286,41,0
399,152,0
301,152,0
399,26,0
301,26,0
287,138,0
413,40,0
413,138,0
287,40,0
400,151,0
300,151,0
400,27,0
300,27,0
288,139,0
412,39,0
412,139,0
288,39,0
401,151,0
299,151,0
401,27,0
299,27,0
288,140,0
412,38,0
412,140,0
288,38,0
402,150,0
298,150,0
402,28,0
298,28,0
289,141,0
411,37,0
411,141,0
289,37,0
403,149,0
297,149,0
403,29,0
297,29,0
290,142,0
410,36,0
410,142,0
290,36,0
404,148,0
296,148,0
404,30,0
296,30,0
291,143,0
409,35,0
409,143,0
291,35,0
405,147,0
295,147,0
405,31,0
295,31,0
292,144,0
408,34,0
408,144,0
292,34,0
406,146,0
294,146,0
406,32,0
294,32,0
293,145,0
407,33,0
407,145,0
293,33,0
407,145,0
293,145,0
407,33,0
293,33,0
294,146,0
406,32,0
406,146,0
294,32,0
336,287,0
-336,287,0
336,-127,0
-336,-127,0
-207,416,0
207,-256,0
207,416,0
-207,-256,0
337,287,0
335,287,0
337,127,0
335,127,0
256,208,0
416,206,0
416,208,0
256,206,0
338,287,0
334,287,0
338,127,0
334,127,0
256,209,0
416,205,0
416,209,0
256,205,0
339,287,0
333,287,0
339,127,0
333,127,0
256,210,0
416,204,0
416,210,0
256,204,0
340,287,0
332,287,0
340,127,0
332,127,0
256,211,0
416,203,0
416,211,0
256,203,0
341,287,0
331,287,0
341,127,0
331,127,0
256,212,0
416,202,0
416,212,0
256,202,0
342,287,0
330,287,0
342,127,0
330,127,0
256,213,0
416,201,0
416,213,0
256,201,0
343,287,0
329,287,0
343,127,0
329,127,0
256,214,0
416,200,0
416,214,0
256,200,0
344,287,0
328,287,0
344,127,0
328,127,0
256,215,0
416,199,0
416,215,0
256,199,0
345,286,0
327,286,0
345,128,0
327,128,0
257,216,0
415,198,0
415,216,0
257,198,0
346,286,0
326,286,0
346,128,0
326,128,0
257,217,0
415,197,0
415,217,0
257,197,0
347,286,0
325,286,0
347,128,0
325,128,0
257,218,0
415,196,0
415,218,0
257,196,0
348,286,0
324,286,0
348,128,0
324,128,0
257,219,0
415,195,0
415,219,0
257,195,0
349,286,0
323,286,0
349,128,0
323,128,0
257,220,0
415,194,0
415,220,0
257,194,0
350,286,0
322,286,0
350,128,0
322,128,0
257,221,0
415,193,0
415,221,0
257,193,0
351,286,0
321,286,0
351,128,0
321,128,0
257,222,0
415,192,0
415,222,0
257,192,0
352,285,0
320,285,0
352,129,0
320,129,0
258,223,0
414,191,0
414,223,0
258,191,0
353,285,0
319,285,0
353,129,0
319,129,0
258,224,0
414,190,0
414,224,0
258,190,0
354,285,0
318,285,0
354,129,0
318,129,0
258,225,0
414,189,0
414,225,0
258,189,0
355,285,0
317,285,0
355,129,0
317,129,0
258,226,0
414,188,0
414,226,0
258,188,0
356,284,0
316,284,0
356,130,0
316,130,0
259,227,0
413,187,0
413,227,0
259,187,0
357,284,0
315,284,0
357,130,0
315,130,0
259,228,0
413,186,0
413,228,0
259,186,0
358,284,0
314,284,0
358,130,0
314,130,0
259,229,0
413,185,0
413,229,0
259,185,0
359,284,0
313,284,0
359,130,0
313,130,0
259,230,0
413,184,0
413,230,0
259,184,0
360,283,0
312,283,0
360,131,0
312,131,0
260,231,0
412,183,0
412,231,0
260,183,0
361,283,0
311,283,0
361,131,0
311,131,0
260,232,0
412,182,0
412,232,0
260,182,0
362,283,0
310,283,0
362,131,0
310,131,0
260,233,0
412,181,0
412,233,0
260,181,0
363,282,0
309,282,0
363,132,0
309,132,0
261,234,0
411,180,0
411,234,0
261,180,0
364,282,0
308,282,0
364,132,0
308,132,0
261,235,0
411,179,0
411,235,0
261,179,0
365,282,0
307,282,0
365,132,0
307,132,0
261,236,0
411,178,0
411,236,0
261,178,0
366,281,0
306,281,0
366,133,0
306,133,0
262,237,0
410,177,0
410,237,0
262,177,0
367,281,0
305,281,0
367,133,0
305,133,0
262,238,0
410,176,0
410,238,0
262,176,0
368,280,0
304,280,0
368,134,0
304,134,0
263,239,0
409,175,0
409,239,0
263,175,0
369,280,0
303,280,0
369,134,0
303,134,0
263,240,0
409,174,0
409,240,0
263,174,0
370,279,0
302,279,0
370,135,0
302,135,0
264,241,0
408,173,0
408,241,0
264,173,0
371,279,0
301,279,0
371,135,0
301,135,0
264,242,0
408,172,0
408,242,0
264,172,0
372,278,0
300,278,0
372,136,0
300,136,0
265,243,0
407,171,0
407,243,0
265,171,0
373,278,0
299,278,0
373,136,0
299,136,0
265,244,0
407,170,0
407,244,0
265,170,0
374,277,0
298,277,0
374,137,0
298,137,0
266,245,0
406,169,0
406,245,0
266,169,0
375,277,0
297,277,0
375,137,0
297,137,0
266,246,0
406,168,0
406,246,0
266,168,0
376,276,0
296,276,0
376,138,0
296,138,0
267,247,0
405,167,0
405,247,0
267,167,0
377,276,0
295,276,0
377,138,0
295,138,0
267,248,0
405,166,0
405,248,0
267,166,0
378,275,0
294,275,0
378,139,0
294,139,0
268,249,0
404,165,0
404,249,0
268,165,0
379,274,0
293,274,0
379,140,0
293,140,0
269,250,0
403,164,0
403,250,0
269,164,0
380,274,0
292,274,0
380,140,0
292,140,0
269,251,0
403,163,0
403,251,0
269,163,0
381,273,0
291,273,0
381,141,0
291,141,0
270,252,0
402,162,0
402,252,0
270,162,0
382,272,0
290,272,0
382,142,0
290,142,0
271,253,0
401,161,0
401,253,0
271,161,0
383,272,0
289,272,0
383,142,0
289,142,0
271,254,0
401,160,0
401,254,0
271,160,0
384,271,0
288,271,0
384,143,0
288,143,0
272,255,0
400,159,0
400,255,0
272,159,0
385,270,0
287,270,0
385,144,0
287,144,0
273,256,0
399,158,0
399,256,0
273,158,0
386,269,0
286,269,0
386,145,0
286,145,0
274,257,0
398,157,0
398,257,0
274,157,0
387,269,0
285,269,0
387,145,0
285,145,0
274,258,0
398,156,0
398,258,0
274,156,0
388,268,0
284,268,0
388,146,0
284,146,0
275,259,0
397,155,0
397,259,0
275,155,0
389,267,0
283,267,0
389,147,0
283,147,0
276,260,0
396,154,0
396,260,0
276,154,0
390,266,0
282,266,0
390,148,0
282,148,0
277,261,0
395,153,0
395,261,0
277,153,0
391,265,0
281,265,0
391,149,0
281,149,0
278,262,0
394,152,0
394,262,0
278,152,0
392,264,0
280,264,0
392,150,0
280,150,0
279,263,0
393,151,0
393,263,0
279,151,0
393,263,0
279,263,0
393,151,0
279,151,0
280,264,0
392,150,0
392,264,0
280,150,0
98,317,0
-98,317,0
98,-157,0
-98,-157,0
-237,178,0
237,-18,0
237,178,0
-237,-18,0
99,317,0
97,317,0
99,157,0
97,157,0
18,238,0
178,236,0
178,238,0
18,236,0
100,317,0
96,317,0
100,157,0
96,157,0
18,239,0
178,235,0
178,239,0
18,235,0
101,317,0
95,317,0
101,157,0
95,157,0
18,240,0
178,234,0
178,240,0
18,234,0
102,317,0
94,317,0
102,157,0
94,157,0
18,241,0
178,233,0
178,241,0
18,233,0
103,317,0
93,317,0
103,157,0
93,157,0
18,242,0
178,232,0
178,242,0
18,232,0
104,317,0
92,317,0
104,157,0
92,157,0
18,243,0
178,231,0
178,243,0
18,231,0
105,317,0
91,317,0
105,157,0
91,157,0
18,244,0
178,230,0
178,244,0
18,230,0
106,317,0
90,317,0
106,157,0
90,157,0
18,245,0
178,229,0
178,245,0
18,229,0
107,316,0
89,316,0
107,158,0
89,158,0
19,246,0
177,228,0
177,246,0
19,228,0
108,316,0
88,316,0
108,158,0
88,158,0
19,247,0
177,227,0
177,247,0
19,227,0
109,316,0
87,316,0
109,158,0
87,158,0
19,248,0
177,226,0
177,248,0
19,226,0
110,316,0
86,316,0
110,158,0
86,158,0
19,249,0
177,225,0
177,249,0
19,225,0
111,316,0
85,316,0
111,158,0
85,158,0
19,250,0
177,224,0
177,250,0
19,224,0
112,316,0
84,316,0
112,158,0
84,158,0
19,251,0
177,223,0
177,251,0
19,223,0
113,316,0
83,316,0
113,158,0
83,158,0
19,252,0
177,222,0
177,252,0
19,222,0
114,315,0
82,315,0
114,159,0
82,159,0
20,253,0
176,221,0
176,253,0
20,221,0
115,315,0
81,315,0
115,159,0
81,159,0
20,254,0
176,220,0
176,254,0
20,220,0
116,315,0
80,315,0
116,159,0
80,159,0
20,255,0
176,219,0
176,255,0
20,219,0
117,315,0
79,315,0
117,159,0
79,159,0
20,256,0
176,218,0
176,256,0
20,218,0
118,314,0
78,314,0
118,160,0
78,160,0
21,257,0
175,217,0
175,257,0
21,217,0
119,314,0
77,314,0
119,160,0
77,160,0
21,258,0
175,216,0
175,258,0
21,216,0
120,314,0
76,314,0
120,160,0
76,160,0
21,259,0
175,215,0
175,259,0
21,215,0
121,314,0
75,314,0
121,160,0
75,160,0
21,260,0
175,214,0
175,260,0
21,214,0
122,313,0
74,313,0
122,161,0
74,161,0
22,261,0
174,213,0
174,261,0
22,213,0
123,313,0
73,313,0
123,161,0
73,161,0
22,262,0
174,212,0
174,262,0
22,212,0
124,313,0
72,313,0
124,161,0
72,161,0
22,263,0
174,211,0
174,263,0
22,211,0
125,312,0
71,312,0
125,162,0
71,162,0
23,264,0
173,210,0
173,264,0
23,210,0
126,312,0
70,312,0
126,162,0
70,162,0
23,265,0
173,209,0
173,265,0
23,209,0
127,312,0
69,312,0
127,162,0
69,162,0
23,266,0
173,208,0
173,266,0
23,208,0
128,311,0
68,311,0
128,163,0
68,163,0
24,267,0
172,207,0
172,267,0
24,207,0
129,311,0
67,311,0
129,163,0
67,163,0
24,268,0
172,206,0
172,268,0
24,206,0
130,310,0
66,310,0
130,164,0
66,164,0
25,269,0
171,205,0
171,269,0
25,205,0
131,310,0
65,310,0
131,164,0
65,164,0
25,270,0
171,204,0
171,270,0
25,204,0
132,309,0
64,309,0
132,165,0
64,165,0
26,271,0
170,203,0
170,271,0
26,203,0
133,309,0
63,309,0
133,165,0
63,165,0
26,272,0
170,202,0
170,272,0
26,202,0
134,308,0
62,308,0
134,166,0
62,166,0
27,273,0
169,201,0
169,273,0
27,201,0
135,308,0
61,308,0
135,166,0
61,166,0
27,274,0
169,200,0
169,274,0
27,200,0
136,307,0
60,307,0
136,167,0
60,167,0
28,275,0
168,199,0
168,275,0
28,199,0
137,307,0
59,307,0
137,167,0
59,167,0
28,276,0
168,198,0
168,276,0
28,198,0
138,306,0
58,306,0
138,168,0
58,168,0
29,277,0
167,197,0
167,277,0
29,197,0
139,306,0
57,306,0
139,168,0
57,168,0
29,278,0
167,196,0
167,278,0
29,196,0
140,305,0
56,305,0
140,169,0
56,169,0
30,279,0
166,195,0
166,279,0
30,195,0
141,304,0
55,304,0
141,170,0
55,170,0
31,280,0
165,194,0
165,280,0
31,194,0
142,304,0
54,304,0
142,170,0
54,170,0
31,281,0
165,193,0
165,281,0
31,193,0
143,303,0
53,303,0
143,171,0
53,171,0
32,282,0
164,192,0
164,282,0
32,192,0
144,302,0
52,302,0
144,172,0
52,172,0
33,283,0
163,191,0
163,283,0
33,191,0
145,302,0
51,302,0
145,172,0
51,172,0
33,284,0
163,190,0
163,284,0
33,190,0
146,301,0
50,301,0
146,173,0
50,173,0
34,285,0
162,189,0
162,285,0
34,189,0
147,300,0
49,300,0
147,174,0
49,174,0
35,286,0
161,188,0
161,286,0
35,188,0
148,299,0
48,299,0
148,175,0
48,175,0
36,287,0
160,187,0
160,287,0
36,187,0
149,299,0
47,299,0
149,175,0
47,175,0
36,288,0
160,186,0
160,288,0
36,186,0
150,298,0
46,298,0
150,176,0
46,176,0
37,289,0
159,185,0
159,289,0
37,185,0
151,297,0
45,297,0
151,177,0
45,177,0
38,290,0
158,184,0
158,290,0
38,184,0
152,296,0
44,296,0
152,178,0
44,178,0
39,291,0
157,183,0
157,291,0
39,183,0
153,295,0
43,295,0
153,179,0
43,179,0
40,292,0
156,182,0
156,292,0
40,182,0
154,294,0
42,294,0
154,180,0
42,180,0
41,293,0
155,181,0
155,293,0
41,181,0
155,293,0
41,293,0
155,181,0
41,181,0
42,294,0
154,180,0
154,294,0
42,180,0
